p-refinement, 8 x 2 elements, annulus a = 0.5, R = 1.5
case 1 = Stokes, outer cylinder translating (slip varies along the wall)
   Kn       N   err_inf     err_L2      err_wall    relF        res_navier
     0     3  8.637e-02  5.076e-02  8.687e-16  4.558e-02  0.000e+00
     0     4  8.217e-03  5.313e-03  1.320e-15  4.631e-03  0.000e+00
     0     5  8.213e-04  4.766e-04  4.427e-16  2.869e-04  0.000e+00
     0     6  1.099e-04  4.159e-05  2.664e-16  5.257e-05  0.000e+00
     0     7  1.971e-05  5.347e-06  4.437e-16  3.227e-05  0.000e+00
     0     8  3.687e-06  9.275e-07  9.784e-16  1.061e-05  0.000e+00
     0     9  6.617e-07  1.694e-07  1.034e-15  2.886e-06  0.000e+00
     0    10  1.173e-07  3.098e-08  1.332e-15  7.128e-07  0.000e+00
     0    11  2.239e-08  5.653e-09  1.068e-15  1.658e-07  0.000e+00
     0    12  4.110e-09  1.028e-09  1.322e-15  3.702e-08  0.000e+00
     0    13  7.364e-10  1.866e-10  4.436e-16  8.018e-09  0.000e+00
   0.1     3  7.612e-02  4.510e-02  4.949e-02  4.684e-02  5.353e-02
   0.1     4  8.509e-03  4.629e-03  8.509e-03  5.541e-03  1.336e-02
   0.1     5  9.260e-04  4.096e-04  9.260e-04  5.433e-04  2.359e-03
   0.1     6  8.541e-05  3.366e-05  8.541e-05  1.222e-05  5.209e-04
   0.1     7  1.410e-05  3.929e-06  6.060e-06  1.678e-05  9.865e-05
   0.1     8  2.639e-06  6.650e-07  3.706e-07  7.055e-06  2.167e-05
   0.1     9  4.730e-07  1.213e-07  1.914e-08  2.094e-06  4.702e-06
   0.1    10  8.399e-08  2.223e-08  8.774e-10  5.408e-07  1.007e-06
   0.1    11  1.606e-08  4.060e-09  3.570e-11  1.292e-07  2.125e-07
   0.1    12  2.952e-09  7.392e-10  1.312e-12  2.936e-08  4.409e-08
   0.1    13  5.294e-10  1.342e-10  8.253e-14  6.439e-09  9.020e-09
     1     3  6.797e-02  3.319e-02  6.797e-02  4.696e-02  2.682e-01
     1     4  1.049e-02  3.325e-03  1.049e-02  8.011e-03  4.943e-02
     1     5  1.022e-03  2.886e-04  1.022e-03  1.296e-03  9.586e-03
     1     6  9.065e-05  2.079e-05  9.065e-05  2.032e-04  1.975e-03
     1     7  6.083e-06  1.612e-06  6.083e-06  2.889e-05  3.342e-04
     1     8  8.138e-07  2.145e-07  3.612e-07  3.438e-06  7.178e-05
     1     9  1.471e-07  3.833e-08  1.799e-08  2.427e-07  1.548e-05
     1    10  2.630e-08  7.068e-09  8.069e-10  3.310e-08  3.330e-06
     1    11  5.095e-09  1.300e-09  3.201e-11  2.117e-08  7.052e-07
     1    12  9.451e-10  2.381e-10  1.160e-12  6.762e-09  1.468e-07
     1    13  1.706e-10  4.343e-11  1.608e-13  1.780e-09  3.010e-08
    10     3  6.521e-02  2.896e-02  6.521e-02  4.810e-02  2.385e+00
    10     4  9.766e-03  2.884e-03  9.766e-03  9.435e-03  3.899e-01
    10     5  9.280e-04  2.497e-04  9.280e-04  1.717e-03  7.891e-02
    10     6  8.192e-05  1.746e-05  8.192e-05  3.102e-04  9.924e-03
    10     7  5.446e-06  1.084e-06  5.446e-06  5.449e-05  1.202e-03
    10     8  3.221e-07  8.242e-08  3.221e-07  9.319e-06  2.504e-04
    10     9  3.932e-08  1.179e-08  1.596e-08  1.552e-06  5.057e-05
    10    10  7.405e-09  2.136e-09  7.140e-10  2.514e-07  1.105e-05
    10    11  1.470e-09  3.960e-10  2.822e-11  3.938e-08  2.358e-06
    10    12  2.816e-10  7.333e-11  1.021e-12  5.905e-09  4.957e-07
    10    13  5.196e-11  1.352e-11  1.917e-13  8.311e-10  1.023e-07
    -1     3  6.460e-02  2.838e-02  6.460e-02  4.836e-02  4.703e-01
    -1     4  9.634e-03  2.824e-03  9.634e-03  9.673e-03  7.906e-02
    -1     5  9.126e-04  2.445e-04  9.126e-04  1.787e-03  1.548e-02
    -1     6  8.053e-05  1.707e-05  8.053e-05  3.279e-04  1.739e-03
    -1     7  5.347e-06  1.044e-06  5.347e-06  5.872e-05  1.950e-04
    -1     8  3.161e-07  7.049e-08  3.161e-07  1.029e-05  3.722e-05
    -1     9  2.469e-08  8.646e-09  1.565e-08  1.769e-06  7.247e-06
    -1    10  4.829e-09  1.503e-09  7.002e-10  2.985e-07  1.598e-06
    -1    11  9.712e-10  2.763e-10  2.766e-11  4.939e-08  3.427e-07
    -1    12  1.903e-10  5.117e-11  1.001e-12  7.999e-09  7.237e-08
    -1    13  3.564e-11  9.465e-12  1.966e-13  1.263e-09  1.499e-08
case 3 = circular Couette, Kn = 1 (steady Navier-Stokes)
     1     3  3.022e-03  2.169e-03  2.367e-03  2.535e-02  2.322e-02
     1     4  2.404e-04  9.886e-05  2.506e-05  6.050e-03  2.369e-03
     1     5  1.017e-05  4.211e-06  1.017e-05  1.359e-03  5.525e-04
     1     6  2.693e-07  1.691e-07  4.177e-08  2.932e-04  1.029e-04
     1     7  2.015e-08  9.641e-09  1.494e-08  6.139e-05  2.155e-05
     1     8  2.777e-09  1.199e-09  4.263e-11  1.256e-05  4.349e-06
     1     9  4.131e-10  1.732e-10  1.110e-11  2.522e-06  8.731e-07
     1    10  6.105e-11  2.585e-11  4.162e-14  4.989e-07  1.727e-07
     1    11  9.309e-12  3.933e-12  6.460e-14  9.750e-08  3.376e-08
     1    12  1.459e-12  6.069e-13  1.253e-14  1.886e-08  6.528e-09
     1    13  2.754e-13  9.691e-14  5.762e-14  3.615e-09  1.255e-09

h-refinement at N = 4, case 1 (element size h = (R-a)/nr, ntheta = 4 nr)
   Kn   ntheta  err_inf     order   err_L2      order   relF        order
     0      8  8.217e-03       -   5.313e-03       -   4.631e-03       -
     0     16  7.747e-04    3.41   4.281e-04    3.63   9.533e-04    2.28
     0     32  6.189e-05    3.65   3.081e-05    3.80   1.980e-04    2.27
     0     64  4.469e-06    3.79   2.079e-06    3.89   3.408e-05    2.54
   0.1      8  8.509e-03       -   4.629e-03       -   5.541e-03       -
   0.1     16  1.229e-03    2.79   3.731e-04    3.63   1.097e-03    2.34
   0.1     32  1.653e-04    2.89   2.711e-05    3.78   2.135e-04    2.36
   0.1     64  2.151e-05    2.94   1.864e-06    3.86   3.538e-05    2.59
     1      8  1.049e-02       -   3.325e-03       -   8.011e-03       -
     1     16  1.168e-03    3.17   2.670e-04    3.64   1.517e-03    2.40
     1     32  1.356e-04    3.11   1.942e-05    3.78   2.589e-04    2.55
     1     64  1.631e-05    3.06   1.335e-06    3.86   3.918e-05    2.72
    -1      8  9.634e-03       -   2.824e-03       -   9.673e-03       -
    -1     16  1.019e-03    3.24   2.265e-04    3.64   1.794e-03    2.43
    -1     32  1.157e-04    3.14   1.648e-05    3.78   2.887e-04    2.64
    -1     64  1.378e-05    3.07   1.133e-06    3.86   4.167e-05    2.79

dt-refinement, case 2 (decaying azimuthal mode, Navier-Stokes), Kn = 1, N = 9
   scheme       dt          sigma_num             rel.err     order   err_inf(T)
   bdf2oifs   0.05000  0.80800682334000  5.422e-04       -   3.594e-05
   bdf2oifs   0.02500  0.80767687092000  1.336e-04    2.02   8.855e-06
   bdf2oifs   0.01250  0.80759575283000  3.317e-05    2.01   2.199e-06
   bdf2oifs   0.00625  0.80757563849000  8.264e-06    2.00   5.480e-07
   bdf2oifs   0.00313  0.80757063005000  2.063e-06    2.00   1.368e-07
   bdf2oifs   0.00156  0.80756938043000  5.152e-07    2.00   3.419e-08
   bdf2       0.05000  0.80802209832000  5.611e-04       -   3.589e-05
   bdf2       0.02500  0.80768041089000  1.380e-04    2.02   8.835e-06
   bdf2       0.01250  0.80759660661000  3.423e-05    2.01   2.193e-06
   bdf2       0.00625  0.80757584824000  8.524e-06    2.01   5.466e-07
   bdf2       0.00313  0.80757068204000  2.127e-06    2.00   1.364e-07
   bdf2       0.00156  0.80756939337000  5.312e-07    2.00   3.409e-08
   bdf3       0.05000  0.80755492902000  1.738e-05       -   4.464e-05
   bdf3       0.02500  0.80756726216000  2.108e-06    3.04   1.138e-05
   bdf3       0.01250  0.80756875415000  2.603e-07    3.02   2.870e-06
   bdf3       0.00625  0.80756893824000  3.234e-08    3.01   7.207e-07
   bdf3       0.00313  0.80756896110000  4.037e-09    3.00   1.806e-07
   bdf3       0.00156  0.80756896395000  5.077e-10    2.99   4.521e-08
   exact sigma = nu k^2 = 0.80756896436000
