# Re Kn Cd*   Legendre, Lauga & Magnaudet 2009 fig 2a, all series (vector data of the arXiv PDF)
20 0.0101 0.9833
20 0.0202 0.9669
20 0.0507 0.9197
20 0.1011 0.8418
20 0.2026 0.714
20 0.5072 0.4811
20 1.0118 0.3039
20 2.0281 0.1767
20 5.0521 0.0781
20 10.1265 0.0395
20 20.2978 0.0195
50 0.01 0.9727
50 0.02 0.9663
50 0.0501 0.8905
50 0.0699 0.8434
50 0.08 0.8155
50 0.0999 0.7819
50 0.2002 0.6541
50 0.501 0.4169
50 0.9994 0.254
50 2.0033 0.1404
50 4.9902 0.0597
50 10.0026 0.0304
50 20.0493 0.0154
100 0.01 0.9841
100 0.02 0.9627
100 0.0501 0.8877
100 0.0999 0.7598
100 0.2002 0.5512
100 0.3003 0.4119
100 0.3505 0.3583
100 0.3993 0.3211
100 0.501 0.2783
100 0.9994 0.1611
100 2.0033 0.0847
100 2.3952 0.0718
100 4.9902 0.0361
100 10.0025 0.0182
100 20.0493 0.0097
200 0.01 0.9786
200 0.02 0.9522
200 0.0501 0.8536
200 0.0999 0.6879
200 0.1498 0.5307
200 0.2002 0.4364
200 0.25 0.3607
200 0.3003 0.2978
200 0.3505 0.2535
200 0.3993 0.2171
200 0.501 0.1671
200 0.9994 0.0849
200 2.0033 0.042
200 4.9901 0.0149
200 10.0025 0.0056
500 0.01 0.9782
500 0.02 0.941
500 0.0501 0.781
500 0.0999 0.5545
500 0.1498 0.3509
500 0.2002 0.263
500 0.25 0.2066
500 0.3003 0.168
500 0.3505 0.1273
500 0.3993 0.1066
500 0.501 0.0766
500 0.9994 0.0401
500 2.0033 0.0216
500 4.9901 0.0101
500 10.0025 0.0066
500 20.0493 0.0044
800 0.01 0.9848
800 0.02 0.9277
800 0.0501 0.7362
800 0.0999 0.4569
800 0.1498 0.2583
800 0.2002 0.1854
800 0.25 0.1397
800 0.3003 0.1075
800 0.3505 0.0847
800 0.3993 0.0732
800 0.501 0.054
800 0.9994 0.0232
800 2.0033 0.0111
800 4.9902 0.0039
