# Re Kn/Knc CL*   Legendre et al. 2009 fig 2b; Knc = 0.09, 0.38, 0.47, 0.49, 0.53 for Re = 50, 100, 200, 500, 800
50 -0.0003 0.9997
50 0.1426 0.909
50 0.2855 0.8025
50 0.4285 0.6818
50 0.572 0.5683
50 0.7149 0.4333
50 0.8579 0.2726
50 0.9288 0.1661
50 1.0002 -0.0003
100 -0.0003 0.9997
100 0.0265 0.9697
100 0.0527 0.9354
100 0.1319 0.8125
100 0.2635 0.5983
100 0.3951 0.444
100 0.5268 0.314
100 0.6584 0.209
100 0.79 0.1176
100 0.9216 0.0369
100 1.0002 -0.0003
200 -0.0003 0.9963
200 0.0211 0.9606
200 0.0426 0.9178
200 0.1063 0.7821
200 0.2129 0.5678
200 0.3195 0.3607
200 0.4255 0.2592
200 0.5321 0.1842
200 0.6387 0.1157
200 0.7453 0.0778
200 0.8513 0.0471
200 0.8942 0.0342
200 0.9365 0.0164
200 0.9794 0.0014
200 1.0002 -0.0036
500 -0.0003 1.003
500 0.0205 0.9687
500 0.0408 0.9394
500 0.1021 0.798
500 0.204 0.5159
500 0.3064 0.3502
500 0.4082 0.2259
500 0.5107 0.1102
500 0.6125 0.0666
500 0.7149 0.0266
500 0.8168 0.0188
500 0.8579 0.0066
500 0.8984 0.0095
500 0.9395 0.0066
500 0.98 0.003
500 1.0002 0.003
800 -0.0003 0.9997
800 0.0187 0.9532
800 0.0378 0.9354
800 0.0944 0.7633
800 0.1885 0.5054
800 0.2832 0.304
800 0.3773 0.1461
800 0.472 0.0754
800 0.5661 0.0433
800 0.6608 0.024
800 0.7549 0.0104
800 0.793 0.0083
800 0.8305 0.0054
