# Re Kn/Knc St*   Legendre et al. 2009 fig 3 (vector data of the arXiv PDF); their Knc = 0.09, 0.38, 0.47, 0.49, 0.53
   50   0.0000   0.9999
   50   0.1428   1.0049
   50   0.2857   1.0074
   50   0.4285   1.0049
   50   0.5719   1.0049
   50   0.7148   1.0349
   50   0.8576   1.0074
   50   0.9284   1.0124
  100   0.0000   0.9999
  100   0.0268   1.0074
  100   0.0530   1.0174
  100   0.1321   1.0324
  100   0.2637   1.0649
  100   0.3952   1.0674
  100   0.5267   1.0974
  100   0.6582   1.0999
  100   0.7897   1.1374
  100   0.9213   1.1299
  200   0.0429   1.0124
  200   0.1065   1.0574
  200   0.2131   1.1274
  200   0.3196   1.1824
  200   0.4255   1.2374
  200   0.5321   1.2624
  200   0.6386   1.3125
  200   0.7451   1.3300
  200   0.8510   1.3400
  200   0.8939   1.3450
  200   0.9361   1.3325
  200   0.9790   1.3375
  500   0.0411   1.0274
  500   0.1024   1.0974
  500   0.2041   1.2174
  500   0.3065   1.3825
  500   0.4083   1.4725
  500   0.5106   1.6050
  500   0.6124   1.7125
  500   0.7148   1.7450
  500   0.8165   1.7700
  500   0.8576   1.6925
  500   0.8981   1.6800
  500   0.9391   2.1101
  500   0.9796   2.7977
  800   0.0381   1.0374
  800   0.0946   1.1374
  800   0.1887   1.1699
  800   0.2833   1.4850
  800   0.3773   1.7050
  800   0.4719   1.7976
  800   0.5660   1.8600
  800   0.6606   2.0526
  800   0.7546   1.9576
  800   0.8302   1.9276
  800   0.9058   2.2501
  800   0.9814   3.8329
