# Kn Cd_mean CL_max St CL_amp amp_growth_ratio t_end
   -1.000000     0.415534     0.000000     0.000000     0.000000     0.366590   300.005000
    0.000000     1.330603     0.323332     0.164880     0.323332     0.999999   300.005000
    0.050000     1.230756     0.265369     0.170762     0.265368     0.999999   300.005000
    0.100000     1.112251     0.199081     0.176135     0.199081     1.000006   300.005000
    0.200000     0.919907     0.096244     0.183632     0.096244     1.000015   300.005000
    0.300000     0.788084     0.025934     0.186476     0.025933     1.013469   300.005000
    0.330000     0.755187     0.001985     0.186002     0.001984     1.012561   400.005000
    0.360000     0.737296     0.000000     0.000000     0.000006     0.395907   400.005000
    0.400000     0.716133     0.000000     0.000000     0.000000     0.114097   400.005000
    0.500000     0.672911     0.000000     0.000000     0.000000     0.036626   300.005000
