# Kn(<0=shear-free) t_end Cd Cd_p Cd_v us_max us_min res_navier dudt_max Cd_drift_last10
-1.00000e+00  1.38000e+02  1.32857e+00  7.68048e-01  5.60519e-01  1.03007e+00 -5.60608e-13  1.22909e-06  9.31491e-07  3.40000e-07
 0.00000e+00  1.50005e+02  2.03139e+00  1.22457e+00  8.06824e-01  0.00000e+00  0.00000e+00  0.00000e+00  2.21755e-08  3.47000e-06
 1.00000e-02  1.50005e+02  2.01968e+00  1.21998e+00  7.99705e-01  3.83821e-02 -1.99015e-03  1.21509e-08  2.12922e-08  3.29000e-06
 2.00000e-02  1.50005e+02  2.00799e+00  1.21487e+00  7.93120e-01  7.38558e-02 -3.60876e-03  2.25926e-08  2.04453e-08  3.13000e-06
 5.00000e-02  1.50005e+02  1.97356e+00  1.19764e+00  7.75921e-01  1.65953e-01 -6.77188e-03  4.82031e-08  1.81384e-08  2.67000e-06
 1.00000e-01  1.50005e+02  1.92008e+00  1.16682e+00  7.53261e-01  2.84634e-01 -8.44935e-03  8.09668e-08  1.50434e-08  2.09000e-06
 2.00000e-01  1.50005e+02  1.83081e+00  1.10983e+00  7.20973e-01  4.44510e-01 -6.49469e-03  1.34185e-07  1.09583e-08  1.38000e-06
 5.00000e-01  1.50005e+02  1.66678e+00  9.98461e-01  6.68318e-01  6.73753e-01 -8.38914e-14  2.63819e-07  6.00425e-09  6.30000e-07
 1.00000e+00  1.47000e+02  1.54468e+00  9.14436e-01  6.30244e-01  8.14839e-01 -7.70448e-14  4.91811e-07  9.98779e-07  4.90000e-07
 2.00000e+00  1.43000e+02  1.45333e+00  8.52027e-01  6.01305e-01  9.10139e-01 -1.54723e-13  1.04879e-06  9.79822e-07  4.30000e-07
 5.00000e+00  1.40000e+02  1.38341e+00  8.04757e-01  5.78656e-01  9.78573e-01 -2.23171e-13  2.89467e-06  9.67038e-07  3.80000e-07
 1.00000e+01  1.39000e+02  1.35691e+00  7.86974e-01  5.69935e-01  1.00375e+00  4.22131e-14  5.96912e-06  9.52207e-07  3.60000e-07
 2.00000e+01  1.38000e+02  1.34298e+00  7.77659e-01  5.65318e-01  1.01677e+00  7.73018e-14  1.21154e-05  9.84692e-07  3.60000e-07
